AAAAA|120|20120325|20120325
00000|06017866201201001|01071208500156628|06165018987880066765|20120325164040|Versao: 1.0.3.0|06017866000191|G, B, DA SILVA Eamp; CIA LTDA - ME|9733|S|20031007|201201|6299,00|0,000|1,00|A|0||6299,00|0,00
01000|01071208500157578|377,94|17,46|0,00|395,40|20120312|20120326|395,40
01500|201101|8372,00
01501|201101|8372,00
01502|201101|0,00
01500|201102|7164,24
01501|201102|7164,24
01502|201102|0,00
01500|201103|9534,00
01501|201103|9534,00
01502|201103|0,00
01500|201104|10270,00
01501|201104|10270,00
01502|201104|0,00
01500|201105|7209,00
01501|201105|7209,00
01502|201105|0,00
01500|201106|6615,00
01501|201106|6615,00
01502|201106|0,00
01500|201107|7757,00
01501|201107|7757,00
01502|201107|0,00
01500|201108|9828,00
01501|201108|9828,00
01502|201108|0,00
01500|201109|9830,00
01501|201109|9830,00
01502|201109|0,00
01500|201110|10778,00
01501|201110|10778,00
01502|201110|0,00
01500|201111|9341,00
01501|201111|9341,00
01502|201111|0,00
01500|201112|16030,20
01501|201112|16030,20
01502|201112|0,00
02000|112728,44|112728,44|6299,00|112728,44|112728,44|||112728,44|112728,44|0,00|0,00
03000|06017866000191|TO|9733|6299,00|1,00|1800000,00|0||
03100|10|6299,00
03110|||6299,00|0|0|0|0|0|0|0|0|6,000|377,94|0,000|0,00|0,000|0,00|||4,000|251,96|||0,000|0,00|2,000|125,98|0,000|0,00|0,00|5
04000|1001|0,00|1012|0,00||||
04000|1002|0,00|1013|0,00||||
04000|1004|0,00|1014|0,00||||
04000|1005|0,00|1015|0,00||||
04000|1006|251,96|1017|11,64||||
04000|1008|0,00|1019|0,00||||
04000|1010|125,98|1021|5,82||||9733
99999|50
00000|06017866201202001|01071208500161060|06291014117827466567|20120325165625|Versao: 1.0.3.0|06017866000191|G, B, DA SILVA Eamp; CIA LTDA - ME|9733|S|20031007|201202|8400,00|0,000|1,00|A|0||8400,00|0,00
01000|01071208500161427|504,00|16,63|0,00|520,63|20120320|20120330|520,63
01500|201101|8372,00
01501|201101|8372,00
01502|201101|0,00
01500|201102|7164,24
01501|201102|7164,24
01502|201102|0,00
01500|201103|9534,00
01501|201103|9534,00
01502|201103|0,00
01500|201104|10270,00
01501|201104|10270,00
01502|201104|0,00
01500|201105|7209,00
01501|201105|7209,00
01502|201105|0,00
01500|201106|6615,00
01501|201106|6615,00
01502|201106|0,00
01500|201107|7757,00
01501|201107|7757,00
01502|201107|0,00
01500|201108|9828,00
01501|201108|9828,00
01502|201108|0,00
01500|201109|9830,00
01501|201109|9830,00
01502|201109|0,00
01500|201110|10778,00
01501|201110|10778,00
01502|201110|0,00
01500|201111|9341,00
01501|201111|9341,00
01502|201111|0,00
01500|201112|16030,20
01501|201112|16030,20
01502|201112|0,00
01500|201201|6299,00
01501|201201|6299,00
01502|201201|0,00
02000|110655,44|112728,44|14699,00|110655,44|112728,44|||112728,44|112728,44|0,00|0,00
03000|06017866000191|TO|9733|8400,00|1,00|1800000,00|0||
03100|10|8400,00
03110|||8400,00|0|0|0|0|0|0|0|0|6,000|504,00|0,000|0,00|0,000|0,00|||4,000|336,00|||0,000|0,00|2,000|168,00|0,000|0,00|0,00|5
04000|1001|0,00|1012|0,00||||
04000|1002|0,00|1013|0,00||||
04000|1004|0,00|1014|0,00||||
04000|1005|0,00|1015|0,00||||
04000|1006|336,00|1017|11,09||||
04000|1008|0,00|1019|0,00||||
04000|1010|168,00|1021|5,54||||9733
99999|53
00000|07374848201201001|01071208500174154|07405372974821348363|20120325174009|Versao: 1.0.3.0|07374848000120|DISTRIBUIDORA DE PRODUTOS ALIMENTICIOS FABRIL LTDA|0329|S|20050405|201201|44348,05|0,000|1,00|A|0||44348,05|0,00
01000|01071208500174243|2393,28|110,57|0,00|2503,85|20120312|20120326|2503,85
01500|201101|13674,35
01501|201101|13674,35
01502|201101|0,00
01500|201102|18819,20
01501|201102|18819,20
01502|201102|0,00
01500|201103|13080,70
01501|201103|13080,70
01502|201103|0,00
01500|201104|11413,60
01501|201104|11413,60
01502|201104|0,00
01500|201105|7859,20
01501|201105|7859,20
01502|201105|0,00
01500|201106|23740,96
01501|201106|23740,96
01502|201106|0,00
01500|201107|17461,30
01501|201107|17461,30
01502|201107|0,00
01500|201108|26613,30
01501|201108|26613,30
01502|201108|0,00
01500|201109|23486,58
01501|201109|23486,58
01502|201109|0,00
01500|201110|15709,70
01501|201110|15709,70
01502|201110|0,00
01500|201111|2636,80
01501|201111|2636,80
01502|201111|0,00
01500|201112|33718,00
01501|201112|33718,00
01502|201112|0,00
02000|208213,69|208213,69|44348,05|208213,69|208213,69|||208213,69|208213,69|0,00|0,00
03000|07374848000120|TO|0329|44348,05|1,00|1800000,00|0||
03100|01|42597,83
03110|||42597,83|0|0|0|0|0|0|0|0|5,470|2330,10|0,860|366,34|0,000|0,00|1,860|792,31|2,750|1171,45|||0,000|0,00|||0,000|0,00|0,01|5
03100|02|1750,22
03110|||1750,22|0|0|5|0|0|0|0|0|3,610|63,18|0,860|15,05|0,000|0,00|0,000|0,00|2,750|48,13|||0,000|0,00|||0,000|0,00|0,00|5
04000|1001|0,00|1012|0,00||||
04000|1002|0,00|1013|0,00||||
04000|1004|381,39|1014|17,62||||
04000|1005|0,00|1015|0,00||||
04000|1006|1219,58|1017|56,35||||
04000|1008|0,00|1019|0,00||||
04000|1007|792,31|1018|36,60|||TO|
99999|52
00000|07374848201202001|01071208500174375|07342376254825448013|20120325174105|Versao: 1.0.3.0|07374848000120|DISTRIBUIDORA DE PRODUTOS ALIMENTICIOS FABRIL LTDA|0329|S|20050405|201202|24967,29|0,000|1,00|A|0||24967,29|0,00
01000|01071208500174448|1278,65|42,20|0,00|1320,85|20120320|20120330|1320,85
01500|201101|13674,35
01501|201101|13674,35
01502|201101|0,00
01500|201102|18819,20
01501|201102|18819,20
01502|201102|0,00
01500|201103|13080,70
01501|201103|13080,70
01502|201103|0,00
01500|201104|11413,60
01501|201104|11413,60
01502|201104|0,00
01500|201105|7859,20
01501|201105|7859,20
01502|201105|0,00
01500|201106|23740,96
01501|201106|23740,96
01502|201106|0,00
01500|201107|17461,30
01501|201107|17461,30
01502|201107|0,00
01500|201108|26613,30
01501|201108|26613,30
01502|201108|0,00
01500|201109|23486,58
01501|201109|23486,58
01502|201109|0,00
01500|201110|15709,70
01501|201110|15709,70
01502|201110|0,00
01500|201111|2636,80
01501|201111|2636,80
01502|201111|0,00
01500|201112|33718,00
01501|201112|33718,00
01502|201112|0,00
01500|201201|44348,05
01501|201201|44348,05
01502|201201|0,00
02000|238887,39|208213,69|69315,34|238887,39|208213,69|||208213,69|208213,69|0,00|0,00
03000|07374848000120|TO|0329|24967,29|1,00|1800000,00|0||
03100|01|20286,20
03110|||20286,20|0|0|0|0|0|0|0|0|5,470|1109,66|0,860|174,46|0,000|0,00|1,860|377,32|2,750|557,88|||0,000|0,00|||0,000|0,00|0,01|5
03100|02|4681,09
03110|||4681,09|0|0|5|0|0|0|0|0|3,610|168,99|0,860|40,25|0,000|0,00|0,000|0,00|2,750|128,74|||0,000|0,00|||0,000|0,00|0,02|5
04000|1001|0,00|1012|0,00||||
04000|1002|0,00|1013|0,00||||
04000|1004|214,71|1014|7,08||||
04000|1005|0,00|1015|0,00||||
04000|1006|686,62|1017|22,67||||
04000|1008|0,00|1019|0,00||||
04000|1007|377,32|1018|12,45|||TO|
99999|55
00000|11857131201201002|01071208500052393|11319859697166031735|20120325111222|Versao: 1.0.3.0|11857131000106|MARIA DA CONCEICAO DE SOUZA E SILVA|0367|S|20100423|201201|9760,00|0,000|1,00|R|0||9760,00|0,00
01000|01071208500053527|390,40|23,19|0,00|413,59|20120312|20120330|413,59
01500|201101|1710,00
01501|201101|1710,00
01502|201101|0,00
01500|201102|3800,00
01501|201102|3800,00
01502|201102|0,00
01500|201103|4420,00
01501|201103|4420,00
01502|201103|0,00
01500|201104|3750,00
01501|201104|3750,00
01502|201104|0,00
01500|201105|5030,00
01501|201105|5030,00
01502|201105|0,00
01500|201106|5760,00
01501|201106|5760,00
01502|201106|0,00
01500|201107|0,00
01501|201107|0,00
01502|201107|0,00
01500|201108|1140,00
01501|201108|1140,00
01502|201108|0,00
01500|201109|1580,00
01501|201109|1580,00
01502|201109|0,00
01500|201110|5060,00
01501|201110|5060,00
01502|201110|0,00
01500|201111|4080,00
01501|201111|4080,00
01502|201111|0,00
01500|201112|5290,00
01501|201112|5290,00
01502|201112|0,00
02000|41620,00|41620,00|9760,00|41620,00|41620,00|||41620,00|41620,00|0,00|0,00
03000|11857131000106|TO|0367|4430,00|1,00|1800000,00|0||
03100|01|4430,00
03110|||4430,00|0|0|0|0|0|0|0|0|4,000|177,20|0,000|0,00|0,000|0,00|1,250|55,37|2,750|121,83|||0,000|0,00|||0,000|0,00|0,01|5
03000|11857131000297|TO|9547|5330,00|1,00|1800000,00|0||
03100|01|5330,00
03110|||5330,00|0|0|0|0|0|0|0|0|4,000|213,20|0,000|0,00|0,000|0,00|1,250|66,62|2,750|146,58|||0,000|0,00|||0,000|0,00|0,01|5
04000|1001|0,00|1012|0,00||||
04000|1002|0,00|1013|0,00||||
04000|1004|0,00|1014|0,00||||
04000|1005|0,00|1015|0,00||||
04000|1006|268,41|1017|15,95||||
04000|1008|0,00|1019|0,00||||
04000|1007|121,99|1018|7,24|||TO|
99999|53
00000|11857131201202001|01071208500104113|11326855627151331720|20120325135507|Versao: 1.0.3.0|11857131000106|MARIA DA CONCEICAO DE SOUZA E SILVA|0367|S|20100423|201202|10885,00|0,000|1,00|A|0||10885,00|0,00
01000|01071208500105071|435,40|14,37|0,00|449,77|20120320|20120330|449,77
01500|201101|1710,00
01501|201101|1710,00
01502|201101|0,00
01500|201102|3800,00
01501|201102|3800,00
01502|201102|0,00
01500|201103|4420,00
01501|201103|4420,00
01502|201103|0,00
01500|201104|3750,00
01501|201104|3750,00
01502|201104|0,00
01500|201105|5030,00
01501|201105|5030,00
01502|201105|0,00
01500|201106|5760,00
01501|201106|5760,00
01502|201106|0,00
01500|201107|0,00
01501|201107|0,00
01502|201107|0,00
01500|201108|1140,00
01501|201108|1140,00
01502|201108|0,00
01500|201109|1580,00
01501|201109|1580,00
01502|201109|0,00
01500|201110|5060,00
01501|201110|5060,00
01502|201110|0,00
01500|201111|4080,00
01501|201111|4080,00
01502|201111|0,00
01500|201112|5290,00
01501|201112|5290,00
01502|201112|0,00
01500|201201|9760,00
01501|201201|9760,00
01502|201201|0,00
02000|49670,00|41620,00|20645,00|49670,00|41620,00|||41620,00|41620,00|0,00|0,00
03000|11857131000106|TO|0367|5350,00|1,00|1800000,00|0||
03100|01|5350,00
03110|||5350,00|0|0|0|0|0|0|0|0|4,000|214,00|0,000|0,00|0,000|0,00|1,250|66,87|2,750|147,13|||0,000|0,00|||0,000|0,00|0,01|5
03000|11857131000297|TO|9547|5535,00|1,00|1800000,00|0||
03100|01|5535,00
03110|||5535,00|0|0|0|0|0|0|0|0|4,000|221,40|0,000|0,00|0,000|0,00|1,250|69,18|2,750|152,22|||0,000|0,00|||0,000|0,00|0,01|5
04000|1001|0,00|1012|0,00||||
04000|1002|0,00|1013|0,00||||
04000|1004|0,00|1014|0,00||||
04000|1005|0,00|1015|0,00||||
04000|1006|299,35|1017|9,88||||
04000|1008|0,00|1019|0,00||||
04000|1007|136,05|1018|4,49|||TO|
99999|56
00000|13751146201201001|01071208500026333|13247756471144846060|20120325095142|Versao: 1.0.3.0|13751146000110|L DE MOURA BORGES ME|9733|S|20110601|201201|2186,39|0,000|1,00|A|0||2186,39|0,00
01500|201106|0,00
01501|201106|0,00
01502|201106|0,00
01500|201107|0,00
01501|201107|0,00
01502|201107|0,00
01500|201108|0,00
01501|201108|0,00
01502|201108|0,00
01500|201109|0,00
01501|201109|0,00
01502|201109|0,00
01500|201110|1681,87
01501|201110|1681,87
01502|201110|0,00
01500|201111|1815,26
01501|201111|1815,26
01502|201111|0,00
01500|201112|2092,51
01501|201112|2092,51
01502|201112|0,00
02000|9582,24|9582,24|2186,39|5589,64|5589,64|||9582,24|5589,64|0,00|0,00
03000|13751146000110|TO|9733|2186,39|1,00|1800000,00|0||
03100|01|2186,39
03110|||2186,39|0|0|0|0|0|0|0|0|4,000|87,46|0,000|0,00|0,000|0,00|1,250|27,32|2,750|60,14|||0,000|0,00|||0,000|0,00|0,02|5
99999|27
00000|13751146201201002|01071208500027461|13146759061197246361|20120325095553|Versao: 1.0.3.0|13751146000110|L DE MOURA BORGES ME|9733|S|20110601|201201|2186,39|0,000|1,00|R|0||2186,39|0,00
01000|01071208500028379|87,46|4,04|0,00|91,50|20120312|20120326|91,50
01500|201106|0,00
01501|201106|0,00
01502|201106|0,00
01500|201107|0,00
01501|201107|0,00
01502|201107|0,00
01500|201108|0,00
01501|201108|0,00
01502|201108|0,00
01500|201109|0,00
01501|201109|0,00
01502|201109|0,00
01500|201110|1681,87
01501|201110|1681,87
01502|201110|0,00
01500|201111|1815,26
01501|201111|1815,26
01502|201111|0,00
01500|201112|2092,51
01501|201112|2092,51
01502|201112|0,00
02000|9582,24|9582,24|2186,39|5589,64|5589,64|||9582,24|5589,64|0,00|0,00
03000|13751146000110|TO|9733|2186,39|1,00|1800000,00|0||
03100|01|2186,39
03110|||2186,39|0|0|0|0|0|0|0|0|4,000|87,46|0,000|0,00|0,000|0,00|1,250|27,32|2,750|60,14|||0,000|0,00|||0,000|0,00|0,02|5
04000|1001|0,00|1012|0,00||||
04000|1002|0,00|1013|0,00||||
04000|1004|0,00|1014|0,00||||
04000|1005|0,00|1015|0,00||||
04000|1006|60,14|1017|2,78||||
04000|1008|0,00|1019|0,00||||
04000|1007|27,32|1018|1,26|||TO|
99999|35
00000|13751146201202001|01071208500027933|13157751381112846061|20120325095856|Versao: 1.0.3.0|13751146000110|L DE MOURA BORGES ME|9733|S|20110601|201202|2179,76|0,000|1,00|A|0||2179,76|0,00
01000|01071214501936311|87,19|17,44|1,49|106,12|20120320|20120531|106,12
01500|201106|0,00
01501|201106|0,00
01502|201106|0,00
01500|201107|0,00
01501|201107|0,00
01502|201107|0,00
01500|201108|0,00
01501|201108|0,00
01502|201108|0,00
01500|201109|0,00
01501|201109|0,00
01502|201109|0,00
01500|201110|1681,87
01501|201110|1681,87
01502|201110|0,00
01500|201111|1815,26
01501|201111|1815,26
01502|201111|0,00
01500|201112|2092,51
01501|201112|2092,51
01502|201112|0,00
01500|201201|2186,39
01501|201201|2186,39
01502|201201|0,00
02000|11664,05|8384,46|4366,15|7776,03|5589,64|||8384,46|5589,64|0,00|0,00
03000|13751146000110|TO|9733|2179,76|1,00|1800000,00|0||
03100|01|2179,76
03110|||2179,76|0|0|0|0|0|0|0|0|4,000|87,19|0,000|0,00|0,000|0,00|1,250|27,24|2,750|59,95|||0,000|0,00|||0,000|0,00|0,01|5
04000|1001|0,00|1012|0,00|1023|0,00||
04000|1002|0,00|1013|0,00|1025|0,00||
04000|1004|0,00|1014|0,00|1026|0,00||
04000|1005|0,00|1015|0,00|1027|0,00||
04000|1006|59,95|1017|12,00|1028|1,03||
04000|1008|0,00|1019|0,00|1030|0,00||
04000|1007|27,24|1018|5,44|1029|0,46|TO|
99999|38
00000|13856579201202001|01071208500109867|13199859816581779300|20120325141451|Versao: 1.0.3.0|13856579000130|BRASIL Eamp; BRASIL LTDA|9321|S|20110622|201202|21903,24|0,000|1,00|A|0||21903,24|0,00
01000|01071208500110059|765,41|15,16|0,00|780,57|20120320|20120326|780,57
01500|201106|0,00
01501|201106|0,00
01502|201106|0,00
01500|201107|0,00
01501|201107|0,00
01502|201107|0,00
01500|201108|3342,52
01501|201108|3342,52
01502|201108|0,00
01500|201109|22885,48
01501|201109|22885,48
01502|201109|0,00
01500|201110|19061,54
01501|201110|19061,54
01502|201110|0,00
01500|201111|24913,38
01501|201111|24913,38
01502|201111|0,00
01500|201112|22260,38
01501|201112|22260,38
01502|201112|0,00
01500|201201|11838,05
01501|201201|11838,05
01502|201201|0,00
02000|156452,03|138694,95|33741,29|104301,35|92463,30|||138694,95|92463,30|0,00|0,00
03000|13856579000130|TO|9321|21903,24|1,00|1800000,00|0||
03100|01|13046,09
03110|||13046,09|0|0|0|0|0|0|0|0|4,000|521,84|0,000|0,00|0,000|0,00|1,250|163,07|2,750|358,77|||0,000|0,00|||0,000|0,00|0,01|5
03100|02|8857,15
03110|||8857,15|0|0|5|0|0|0|0|0|2,750|243,57|0,000|0,00|0,000|0,00|0,000|0,00|2,750|243,57|||0,000|0,00|||0,000|0,00|0,00|5
04000|1001|0,00|1012|0,00||||
04000|1002|0,00|1013|0,00||||
04000|1004|0,00|1014|0,00||||
04000|1005|0,00|1015|0,00||||
04000|1006|602,34|1017|11,94||||
04000|1008|0,00|1019|0,00||||
04000|1007|163,07|1018|3,22|||TO|
99999|40
00000|14533872201201001|01071208500237121|14293537673887672558|20120325204917|Versao: 1.0.3.0|14533872000120|SOARES Eamp; GARCIA LTDA - ME|9519|S|20111021|201201|0,00|0,000|1,00|A|0||0,00|0,00
01500|201110|0,00
01501|201110|0,00
01502|201110|0,00
01500|201111|0,00
01501|201111|0,00
01502|201111|0,00
01500|201112|0,00
01501|201112|0,00
01502|201112|0,00
02000|0,00|0,00|0,00|0,00|0,00|||0,00|0,00|0,00|0,00
03000|14533872000120|TO|9519|0,00|1,00|1800000,00|0||
99999|13
00000|14533872201202001|01071208500239027|14369538933882372909|20120325205420|Versao: 1.0.3.0|14533872000120|SOARES Eamp; GARCIA LTDA - ME|9519|S|20111021|201202|0,00|0,000|1,00|A|0||0,00|0,00
01500|201110|0,00
01501|201110|0,00
01502|201110|0,00
01500|201111|0,00
01501|201111|0,00
01502|201111|0,00
01500|201112|0,00
01501|201112|0,00
01502|201112|0,00
01500|201201|0,00
01501|201201|0,00
01502|201201|0,00
02000|0,00|0,00|0,00|0,00|0,00|||0,00|0,00|0,00|0,00
03000|14533872000120|TO|9519|0,00|1,00|1800000,00|0||
99999|16
ZZZZZ|490
