AAAAA|120|20120324|20120324
00000|03766264201202001|01071208400058527|03308766856272464104|20120324091026|Versao: 1.0.3.0|03766264000149|COMERCIAL DE BICICLETAS RODA MAIS LTDA-ME|9385|S|20000424|201202|1919,22|0,000|1,00|A|0||1919,22|0,00
01000|01071208400058713|76,77|1,52|0,00|78,29|20120320|20120326|78,29
01500|201101|6479,48
01501|201101|6479,48
01502|201101|0,00
01500|201102|3138,68
01501|201102|3138,68
01502|201102|0,00
01500|201103|5835,10
01501|201103|5835,10
01502|201103|0,00
01500|201104|6244,88
01501|201104|6244,88
01502|201104|0,00
01500|201105|4663,48
01501|201105|4663,48
01502|201105|0,00
01500|201106|5084,49
01501|201106|5084,49
01502|201106|0,00
01500|201107|3580,88
01501|201107|3580,88
01502|201107|0,00
01500|201108|4340,51
01501|201108|4340,51
01502|201108|0,00
01500|201109|3803,35
01501|201109|3803,35
01502|201109|0,00
01500|201110|4045,64
01501|201110|4045,64
01502|201110|0,00
01500|201111|3529,66
01501|201111|3529,66
01502|201111|0,00
01500|201112|6438,78
01501|201112|6438,78
01502|201112|0,00
01500|201201|5119,42
01501|201201|5119,42
01502|201201|0,00
02000|55824,87|57184,93|7038,64|55824,87|57184,93|||57184,93|57184,93|0,00|0,00
03000|03766264000149|TO|9385|1919,22|1,00|1800000,00|0||
03100|01|1919,22
03110|||1919,22|3|3|0|0|0|3|0|3|4,000|76,77|0,000|0,00|0,000|0,00|1,250|23,99|2,750|52,78|||0,000|0,00|||0,000|0,00|0,01|5
04000|1001|0,00|1012|0,00||||
04000|1002|0,00|1013|0,00||||
04000|1004|0,00|1014|0,00||||
04000|1005|0,00|1015|0,00||||
04000|1006|52,78|1017|1,05||||
04000|1008|0,00|1019|0,00||||
04000|1007|23,99|1018|0,47|||TO|
99999|53
00000|06985696201202001|01071208400126034|06282987445679596111|20120324100739|Versao: 1.0.3.0|06985696000139|HOTEL ORLA LTDA -ME|9559|S|20040903|201202|0,00|0,000|1,00|A|0||0,00|0,00
01500|201101|0,00
01501|201101|0,00
01502|201101|0,00
01500|201102|0,00
01501|201102|0,00
01502|201102|0,00
01500|201103|0,00
01501|201103|0,00
01502|201103|0,00
01500|201104|0,00
01501|201104|0,00
01502|201104|0,00
01500|201105|0,00
01501|201105|0,00
01502|201105|0,00
01500|201106|0,00
01501|201106|0,00
01502|201106|0,00
01500|201107|0,00
01501|201107|0,00
01502|201107|0,00
01500|201108|0,00
01501|201108|0,00
01502|201108|0,00
01500|201109|0,00
01501|201109|0,00
01502|201109|0,00
01500|201110|0,00
01501|201110|0,00
01502|201110|0,00
01500|201111|0,00
01501|201111|0,00
01502|201111|0,00
01500|201112|0,00
01501|201112|0,00
01502|201112|0,00
01500|201201|0,00
01501|201201|0,00
01502|201201|0,00
02000|0,00|0,00|0,00|0,00|0,00|||0,00|0,00|0,00|0,00
03000|06985696000139|TO|9559|0,00|1,00|1800000,00|0||
99999|43
00000|07078341201202001|01071208400068212|07292074838386541680|20120324091849|Versao: 1.0.3.0|07078341000129|R, FERNANDES LUSTOSA|9679|S|20041110|201202|3817,80|0,000|1,00|A|0||3817,80|0,00
01000|01071208400068450|152,71|5,04|0,00|157,75|20120320|20120330|157,75
01500|201101|2999,40
01501|201101|2999,40
01502|201101|0,00
01500|201102|2830,54
01501|201102|2830,54
01502|201102|0,00
01500|201103|4256,28
01501|201103|4256,28
01502|201103|0,00
01500|201104|3499,46
01501|201104|3499,46
01502|201104|0,00
01500|201105|3609,15
01501|201105|3609,15
01502|201105|0,00
01500|201106|2224,00
01501|201106|2224,00
01502|201106|0,00
01500|201107|3421,74
01501|201107|3421,74
01502|201107|0,00
01500|201108|3280,99
01501|201108|3280,99
01502|201108|0,00
01500|201109|3373,47
01501|201109|3373,47
01502|201109|0,00
01500|201110|6934,51
01501|201110|6934,51
01502|201110|0,00
01500|201111|2790,48
01501|201111|2790,48
01502|201111|0,00
01500|201112|16348,74
01501|201112|16348,74
01502|201112|0,00
01500|201201|2280,72
01501|201201|2280,72
01502|201201|0,00
02000|54850,08|55568,76|6098,52|54850,08|55568,76|||55568,76|55568,76|0,00|0,00
03000|07078341000129|TO|9679|3817,80|1,00|1800000,00|0||
03100|01|3817,80
03110|||3817,80|0|0|0|0|0|0|0|0|4,000|152,71|0,000|0,00|0,000|0,00|1,250|47,72|2,750|104,99|||0,000|0,00|||0,000|0,00|0,01|5
04000|1001|0,00|1012|0,00||||
04000|1002|0,00|1013|0,00||||
04000|1004|0,00|1014|0,00||||
04000|1005|0,00|1015|0,00||||
04000|1006|104,99|1017|3,47||||
04000|1008|0,00|1019|0,00||||
04000|1007|47,72|1018|1,57|||TO|
99999|53
00000|10304864201201001|01071208400547048|10095306554868864324|20120324213731|Versao: 1.0.3.0|10304864000150|CLEBIO HENRIQUE DA COSTA|9385|S|20080825|201201|0,00|0,000|1,00|A|0||0,00|0,00
01500|201101|5800,00
01501|201101|5800,00
01502|201101|0,00
01500|201102|6361,00
01501|201102|6361,00
01502|201102|0,00
01500|201103|0,00
01501|201103|0,00
01502|201103|0,00
01500|201104|0,00
01501|201104|0,00
01502|201104|0,00
01500|201105|0,00
01501|201105|0,00
01502|201105|0,00
01500|201106|0,00
01501|201106|0,00
01502|201106|0,00
01500|201107|0,00
01501|201107|0,00
01502|201107|0,00
01500|201108|0,00
01501|201108|0,00
01502|201108|0,00
01500|201109|0,00
01501|201109|0,00
01502|201109|0,00
01500|201110|0,00
01501|201110|0,00
01502|201110|0,00
01500|201111|0,00
01501|201111|0,00
01502|201111|0,00
01500|201112|0,00
01501|201112|0,00
01502|201112|0,00
02000|12161,00|12161,00|0,00|12161,00|12161,00|||12161,00|12161,00|0,00|0,00
03000|10304864000150|TO|9385|0,00|1,00|1800000,00|0||
99999|40
00000|10304864201202001|01071208400547447|10358304804874264128|20120324214011|Versao: 1.0.3.0|10304864000150|CLEBIO HENRIQUE DA COSTA|9385|S|20080825|201202|0,00|0,000|1,00|A|0||0,00|0,00
01500|201101|5800,00
01501|201101|5800,00
01502|201101|0,00
01500|201102|6361,00
01501|201102|6361,00
01502|201102|0,00
01500|201103|0,00
01501|201103|0,00
01502|201103|0,00
01500|201104|0,00
01501|201104|0,00
01502|201104|0,00
01500|201105|0,00
01501|201105|0,00
01502|201105|0,00
01500|201106|0,00
01501|201106|0,00
01502|201106|0,00
01500|201107|0,00
01501|201107|0,00
01502|201107|0,00
01500|201108|0,00
01501|201108|0,00
01502|201108|0,00
01500|201109|0,00
01501|201109|0,00
01502|201109|0,00
01500|201110|0,00
01501|201110|0,00
01502|201110|0,00
01500|201111|0,00
01501|201111|0,00
01502|201111|0,00
01500|201112|0,00
01501|201112|0,00
01502|201112|0,00
01500|201201|0,00
01501|201201|0,00
01502|201201|0,00
02000|6361,00|12161,00|0,00|6361,00|12161,00|||12161,00|12161,00|0,00|0,00
03000|10304864000150|TO|9385|0,00|1,00|1800000,00|0||
99999|43
00000|11484288201202001|01071208400435134|11359486424240288198|20120324161139|Versao: 1.0.3.0|11484288000133|PRIMICIA COMERCIO DE COSMETICOS LTDA|9733|S|20100121|201202|0,00|0,000|1,00|A|1|5658,50|0,00|0,00
01000|01071208400436629|226,34|4,48|0,00|230,82|20120320|20120326|230,82
01500|201101|0,00
01501|201101|0,00
01502|201101|0,00
01500|201102|0,00
01501|201102|0,00
01502|201102|0,00
01500|201103|0,00
01501|201103|0,00
01502|201103|0,00
01500|201104|0,00
01501|201104|0,00
01502|201104|0,00
01500|201105|0,00
01501|201105|0,00
01502|201105|0,00
01500|201106|0,00
01501|201106|0,00
01502|201106|0,00
01500|201107|0,00
01501|201107|0,00
01502|201107|0,00
01500|201108|0,00
01501|201108|0,00
01502|201108|0,00
01500|201109|0,00
01501|201109|0,00
01502|201109|0,00
01500|201110|0,00
01501|201110|0,00
01502|201110|0,00
01500|201111|0,00
01501|201111|0,00
01502|201111|0,00
01500|201112|0,00
01501|201112|0,00
01502|201112|0,00
01500|201201|0,00
01501|201201|0,00
01502|201201|0,00
02000|0,00|0,00|0,00|0,00|0,00|||0,00|0,00|0,00|0,00
03000|11484288000133|TO|9733|5658,50|1,00|1800000,00|0||
03100|01|5658,50
03110|||5658,50|0|0|0|0|0|0|0|0|4,000|226,34|0,000|0,00|0,000|0,00|1,250|70,73|2,750|155,61|||0,000|0,00|||0,000|0,00|0,01|5
04000|1001|0,00|1012|0,00||||
04000|1002|0,00|1013|0,00||||
04000|1004|0,00|1014|0,00||||
04000|1005|0,00|1015|0,00||||
04000|1006|155,61|1017|3,09||||
04000|1008|0,00|1019|0,00||||
04000|1007|70,73|1018|1,39|||TO|
99999|53
00000|11609777201201001|01071208400429843|11006607199706177393|20120324160442|Versao: 1.0.3.0|11609777000174|GOMES E FEITOZA LTDA ME|9733|S|20100225|201201|984,77|0,000|1,00|A|0||984,77|0,00
01000|01071208400430647|31,68|1,46|0,00|33,14|20120312|20120326|33,14
01500|201101|0,00
01501|201101|0,00
01502|201101|0,00
01500|201102|0,00
01501|201102|0,00
01502|201102|0,00
01500|201103|0,00
01501|201103|0,00
01502|201103|0,00
01500|201104|5898,73
01501|201104|5898,73
01502|201104|0,00
01500|201105|6070,10
01501|201105|6070,10
01502|201105|0,00
01500|201106|1851,61
01501|201106|1851,61
01502|201106|0,00
01500|201107|2274,64
01501|201107|2274,64
01502|201107|0,00
01500|201108|4287,00
01501|201108|4287,00
01502|201108|0,00
01500|201109|4120,00
01501|201109|4120,00
01502|201109|0,00
01500|201110|7002,00
01501|201110|7002,00
01502|201110|0,00
01500|201111|3687,00
01501|201111|3687,00
01502|201111|0,00
01500|201112|4980,00
01501|201112|4980,00
01502|201112|0,00
02000|40171,08|40171,08|984,77|40171,08|40171,08|||40171,08|40171,08|0,00|0,00
03000|11609777000174|TO|9733|984,77|1,00|1800000,00|0||
03100|01|368,11
03110|||368,11|0|0|0|0|0|0|0|0|4,000|14,72|0,000|0,00|0,000|0,00|1,250|4,60|2,750|10,12|||0,000|0,00|||0,000|0,00|0,00|5
03100|02|616,66
03110|||616,66|0|0|5|0|0|0|0|0|2,750|16,96|0,000|0,00|0,000|0,00|0,000|0,00|2,750|16,96|||0,000|0,00|||0,000|0,00|0,01|5
04000|1001|0,00|1012|0,00||||
04000|1002|0,00|1013|0,00||||
04000|1004|0,00|1014|0,00||||
04000|1005|0,00|1015|0,00||||
04000|1006|27,08|1017|1,25||||
04000|1008|0,00|1019|0,00||||
04000|1007|4,60|1018|0,21|||TO|
99999|52
00000|11609777201202001|01071208400431910|11165601999754277542|20120324160742|Versao: 1.0.3.0|11609777000174|GOMES E FEITOZA LTDA ME|9733|S|20100225|201202|1102,79|0,000|1,00|A|0||1102,79|0,00
01000|01071208400433786|36,43|0,72|0,00|37,15|20120320|20120326|37,15
01500|201101|0,00
01501|201101|0,00
01502|201101|0,00
01500|201102|0,00
01501|201102|0,00
01502|201102|0,00
01500|201103|0,00
01501|201103|0,00
01502|201103|0,00
01500|201104|5898,73
01501|201104|5898,73
01502|201104|0,00
01500|201105|6070,10
01501|201105|6070,10
01502|201105|0,00
01500|201106|1851,61
01501|201106|1851,61
01502|201106|0,00
01500|201107|2274,64
01501|201107|2274,64
01502|201107|0,00
01500|201108|4287,00
01501|201108|4287,00
01502|201108|0,00
01500|201109|4120,00
01501|201109|4120,00
01502|201109|0,00
01500|201110|7002,00
01501|201110|7002,00
01502|201110|0,00
01500|201111|3687,00
01501|201111|3687,00
01502|201111|0,00
01500|201112|4980,00
01501|201112|4980,00
01502|201112|0,00
01500|201201|984,77
01501|201201|984,77
01502|201201|0,00
02000|41155,85|40171,08|2087,56|41155,85|40171,08|||40171,08|40171,08|0,00|0,00
03000|11609777000174|TO|9733|1102,79|1,00|1800000,00|0||
03100|01|488,18
03110|||488,18|0|0|0|0|0|0|0|0|4,000|19,53|0,000|0,00|0,000|0,00|1,250|6,10|2,750|13,43|||0,000|0,00|||0,000|0,00|0,01|5
03100|02|614,61
03110|||614,61|0|0|5|0|0|0|0|0|2,750|16,90|0,000|0,00|0,000|0,00|0,000|0,00|2,750|16,90|||0,000|0,00|||0,000|0,00|0,00|5
04000|1001|0,00|1012|0,00||||
04000|1002|0,00|1013|0,00||||
04000|1004|0,00|1014|0,00||||
04000|1005|0,00|1015|0,00||||
04000|1006|30,33|1017|0,60||||
04000|1008|0,00|1019|0,00||||
04000|1007|6,10|1018|0,12|||TO|
99999|55
00000|12069629201202001|01071208400379463|12244066769603429430|20120324144445|Versao: 1.0.3.0|12069629000177|DIRCILENE RODRIGUES SOUZA CARVALHO|9627|S|20100609|201202|1561,10|0,000|1,00|A|0||1561,10|0,00
01000|01071208400379820|62,44|1,44|0,00|63,88|20120320|20120327|63,88
01500|201101|1156,79
01501|201101|1156,79
01502|201101|0,00
01500|201102|1505,70
01501|201102|1505,70
01502|201102|0,00
01500|201103|1481,54
01501|201103|1481,54
01502|201103|0,00
01500|201104|945,00
01501|201104|945,00
01502|201104|0,00
01500|201105|1116,70
01501|201105|1116,70
01502|201105|0,00
01500|201106|1028,40
01501|201106|1028,40
01502|201106|0,00
01500|201107|1215,63
01501|201107|1215,63
01502|201107|0,00
01500|201108|1566,40
01501|201108|1566,40
01502|201108|0,00
01500|201109|1289,80
01501|201109|1289,80
01502|201109|0,00
01500|201110|1333,60
01501|201110|1333,60
01502|201110|0,00
01500|201111|1423,59
01501|201111|1423,59
01502|201111|0,00
01500|201112|2307,69
01501|201112|2307,69
01502|201112|0,00
01500|201201|1739,30
01501|201201|1739,30
01502|201201|0,00
02000|16953,35|16370,84|3300,40|16953,35|16370,84|||16370,84|16370,84|0,00|0,00
03000|12069629000177|TO|9627|1561,10|1,00|1800000,00|0||
03100|01|1561,10
03110|||1561,10|0|0|0|0|0|0|0|0|4,000|62,44|0,000|0,00|0,000|0,00|1,250|19,51|2,750|42,93|||0,000|0,00|||0,000|0,00|0,00|5
04000|1001|0,00|1012|0,00||||
04000|1002|0,00|1013|0,00||||
04000|1004|0,00|1014|0,00||||
04000|1005|0,00|1015|0,00||||
04000|1006|42,93|1017|1,00||||
04000|1008|0,00|1019|0,00||||
04000|1007|19,51|1018|0,44|||TO|
99999|53
00000|13460590201201001|01071208400088191|13097461840531790720|20120324093707|Versao: 1.0.3.0|13460590000187|REFLORATO AMBIENTAL LTDA|9615|S|20110331|201201|0,00|0,000|1,00|A|0||0,00|0,00
01500|201103|0,00
01501|201103|0,00
01502|201103|0,00
01500|201104|0,00
01501|201104|0,00
01502|201104|0,00
01500|201105|0,00
01501|201105|0,00
01502|201105|0,00
01500|201106|0,00
01501|201106|0,00
01502|201106|0,00
01500|201107|0,00
01501|201107|0,00
01502|201107|0,00
01500|201108|0,00
01501|201108|0,00
01502|201108|0,00
01500|201109|0,00
01501|201109|0,00
01502|201109|0,00
01500|201110|0,00
01501|201110|0,00
01502|201110|0,00
01500|201111|0,00
01501|201111|0,00
01502|201111|0,00
01500|201112|0,00
01501|201112|0,00
01502|201112|0,00
02000|0,00|0,00|0,00|0,00|0,00|||0,00|0,00|0,00|0,00
03000|13460590000187|TO|9615|0,00|1,00|1800000,00|0||
99999|34
00000|97384168201201001|01071208400072694|97270383604126468682|20120324092326|Versao: 1.0.3.0|97384168000180|J L COSTA DA SILVA ME|9461|S|19940412|201201|404,00|0,000|1,00|A|0||404,00|0,00
01000|01071208400072899|11,11|0,66|0,00|11,77|20120312|20120330|11,77
01500|201101|697,00
01501|201101|697,00
01502|201101|0,00
01500|201102|324,50
01501|201102|324,50
01502|201102|0,00
01500|201103|671,00
01501|201103|671,00
01502|201103|0,00
01500|201104|329,00
01501|201104|329,00
01502|201104|0,00
01500|201105|300,00
01501|201105|300,00
01502|201105|0,00
01500|201106|1068,50
01501|201106|1068,50
01502|201106|0,00
01500|201107|600,00
01501|201107|600,00
01502|201107|0,00
01500|201108|540,00
01501|201108|540,00
01502|201108|0,00
01500|201109|480,00
01501|201109|480,00
01502|201109|0,00
01500|201110|1162,00
01501|201110|1162,00
01502|201110|0,00
01500|201111|1071,00
01501|201111|1071,00
01502|201111|0,00
01500|201112|510,00
01501|201112|510,00
01502|201112|0,00
02000|7753,00|7753,00|404,00|7753,00|7753,00|||7753,00|7753,00|0,00|0,00
03000|97384168000180|TO|9461|404,00|1,00|1800000,00|0||
03100|02|404,00
03110|||404,00|0|0|5|0|0|0|0|0|2,750|11,11|0,000|0,00|0,000|0,00|0,000|0,00|2,750|11,11|||0,000|0,00|||0,000|0,00|0,00|5
04000|1001|0,00|1012|0,00||||
04000|1002|0,00|1013|0,00||||
04000|1004|0,00|1014|0,00||||
04000|1005|0,00|1015|0,00||||
04000|1006|11,11|1017|0,66||||
04000|1008|0,00|1019|0,00||||
99999|49
00000|97384168201202001|01071208400075219|97413386454182168340|20120324092533|Versao: 1.0.3.0|97384168000180|J L COSTA DA SILVA ME|9461|S|19940412|201202|520,00|0,000|1,00|A|0||520,00|0,00
01000|01071208400075430|14,30|0,47|0,00|14,77|20120320|20120330|14,77
01500|201101|697,00
01501|201101|697,00
01502|201101|0,00
01500|201102|324,50
01501|201102|324,50
01502|201102|0,00
01500|201103|671,00
01501|201103|671,00
01502|201103|0,00
01500|201104|329,00
01501|201104|329,00
01502|201104|0,00
01500|201105|300,00
01501|201105|300,00
01502|201105|0,00
01500|201106|1068,50
01501|201106|1068,50
01502|201106|0,00
01500|201107|600,00
01501|201107|600,00
01502|201107|0,00
01500|201108|540,00
01501|201108|540,00
01502|201108|0,00
01500|201109|480,00
01501|201109|480,00
01502|201109|0,00
01500|201110|1162,00
01501|201110|1162,00
01502|201110|0,00
01500|201111|1071,00
01501|201111|1071,00
01502|201111|0,00
01500|201112|510,00
01501|201112|510,00
01502|201112|0,00
01500|201201|404,00
01501|201201|404,00
01502|201201|0,00
02000|7460,00|7753,00|924,00|7460,00|7753,00|||7753,00|7753,00|0,00|0,00
03000|97384168000180|TO|9461|520,00|1,00|1800000,00|0||
03100|02|520,00
03110|||520,00|0|0|5|0|0|0|0|0|2,750|14,30|0,000|0,00|0,000|0,00|0,000|0,00|2,750|14,30|||0,000|0,00|||0,000|0,00|0,00|5
04000|1001|0,00|1012|0,00||||
04000|1002|0,00|1013|0,00||||
04000|1004|0,00|1014|0,00||||
04000|1005|0,00|1015|0,00||||
04000|1006|14,30|1017|0,47||||
04000|1008|0,00|1019|0,00||||
99999|52
ZZZZZ|582
