AAAAA|120|20120321|20120321
00000|00101782201202001|01071208103727556|00005108891767482080|20120321161426|Versao: 1.0.3.0|00101782000155|LOBO & LOBO LTDA|9463|S|19820716|201202|4505,00|0,000|1,00|A|0||4505,00|0,00
01000|01071208103731480|123,89|1,23|0,00|125,12|20120320|20120323|125,12
01500|201101|3136,00
01501|201101|3136,00
01502|201101|0,00
01500|201102|308,15
01501|201102|308,15
01502|201102|0,00
01500|201103|3292,50
01501|201103|3292,50
01502|201103|0,00
01500|201104|3422,50
01501|201104|3422,50
01502|201104|0,00
01500|201105|2975,50
01501|201105|2975,50
01502|201105|0,00
01500|201106|6684,00
01501|201106|6684,00
01502|201106|0,00
01500|201107|3122,00
01501|201107|3122,00
01502|201107|0,00
01500|201108|3231,00
01501|201108|3231,00
01502|201108|0,00
01500|201109|3874,50
01501|201109|3874,50
01502|201109|0,00
01500|201110|3270,30
01501|201110|3270,30
01502|201110|0,00
01500|201111|3853,50
01501|201111|3853,50
01502|201111|0,00
01500|201112|3919,50
01501|201112|3919,50
01502|201112|0,00
01500|201201|4234,00
01501|201201|4234,00
01502|201201|0,00
02000|42187,45|41089,45|8739,00|42187,45|41089,45|||41089,45|41089,45|0,00|0,00
03000|00101782000155|TO|9463|4505,00|1,00|1800000,00|0||
03100|02|4505,00
03110|||4505,00|0|0|5|0|0|0|0|0|2,750|123,89|0,000|0,00|0,000|0,00|0,000|0,00|2,750|123,89|||0,000|0,00|||0,000|0,00|0,01|5
04000|1001|0,00|1012|0,00||||
04000|1002|0,00|1013|0,00||||
04000|1004|0,00|1014|0,00||||
04000|1005|0,00|1015|0,00||||
04000|1006|123,89|1017|1,23||||
04000|1008|0,00|1019|0,00||||
99999|52
00000|00228197201201001|01071208100870978|00083220578173897301|20120321095633|Versao: 1.0.3.0|00228197000110|BRITO & FERREIRA LTDA|9665|S|19830414|201201|17273,80|0,000|1,00|A|0||17273,80|0,00
01000|01071208100873314|848,91|58,83|8,49|916,23|20120312|20120402|916,23
01500|201101|14200,65
01501|201101|14200,65
01502|201101|0,00
01500|201102|18241,80
01501|201102|18241,80
01502|201102|0,00
01500|201103|24545,80
01501|201103|24545,80
01502|201103|0,00
01500|201104|21021,97
01501|201104|21021,97
01502|201104|0,00
01500|201105|21440,40
01501|201105|21440,40
01502|201105|0,00
01500|201106|16770,50
01501|201106|16770,50
01502|201106|0,00
01500|201107|15635,62
01501|201107|15635,62
01502|201107|0,00
01500|201108|37850,35
01501|201108|37850,35
01502|201108|0,00
01500|201109|11944,06
01501|201109|11944,06
01502|201109|0,00
01500|201110|24472,80
01501|201110|24472,80
01502|201110|0,00
01500|201111|20277,00
01501|201111|20277,00
01502|201111|0,00
01500|201112|26443,20
01501|201112|26443,20
01502|201112|0,00
02000|252844,15|252844,15|17273,80|252844,15|252844,15|||252844,15|252844,15|0,00|0,00
03000|00228197000110|TO|9665|17273,80|1,00|1800000,00|0||
03100|01|12114,70
03110|||12114,70|0|0|0|0|0|0|0|0|5,470|662,67|0,860|104,18|0,000|0,00|1,860|225,33|2,750|333,16|||0,000|0,00|||0,000|0,00|0,01|5
03100|02|5159,10
03110|||5159,10|0|0|5|0|0|0|0|0|3,610|186,24|0,860|44,36|0,000|0,00|0,000|0,00|2,750|141,88|||0,000|0,00|||0,000|0,00|0,01|5
04000|1001|0,00|1012|0,00|1023|0,00||
04000|1002|0,00|1013|0,00|1025|0,00||
04000|1004|148,54|1014|10,29|1026|1,48||
04000|1005|0,00|1015|0,00|1027|0,00||
04000|1006|475,04|1017|32,93|1028|4,76||
04000|1008|0,00|1019|0,00|1030|0,00||
04000|1007|225,33|1018|15,61|1029|2,25|TO|
99999|52
00000|00228197201201001|01071208100870978|00083220578173897301|20120321095633|Versao: 1.0.3.0|00228197000110|BRITO & FERREIRA LTDA|9665|S|19830414|201201|17273,80|0,000|1,00|A|0||17273,80|0,00
01000|01071208100873314|848,91|58,83|8,49|916,23|20120312|20120402|916,23
01500|201101|14200,65
01501|201101|14200,65
01502|201101|0,00
01500|201102|18241,80
01501|201102|18241,80
01502|201102|0,00
01500|201103|24545,80
01501|201103|24545,80
01502|201103|0,00
01500|201104|21021,97
01501|201104|21021,97
01502|201104|0,00
01500|201105|21440,40
01501|201105|21440,40
01502|201105|0,00
01500|201106|16770,50
01501|201106|16770,50
01502|201106|0,00
01500|201107|15635,62
01501|201107|15635,62
01502|201107|0,00
01500|201108|37850,35
01501|201108|37850,35
01502|201108|0,00
01500|201109|11944,06
01501|201109|11944,06
01502|201109|0,00
01500|201110|24472,80
01501|201110|24472,80
01502|201110|0,00
01500|201111|20277,00
01501|201111|20277,00
01502|201111|0,00
01500|201112|26443,20
01501|201112|26443,20
01502|201112|0,00
02000|252844,15|252844,15|17273,80|252844,15|252844,15|||252844,15|252844,15|0,00|0,00
03000|00228197000110|TO|9665|17273,80|1,00|1800000,00|0||
03100|01|12114,70
03110|||12114,70|0|0|0|0|0|0|0|0|5,470|662,67|0,860|104,18|0,000|0,00|1,860|225,33|2,750|333,16|||0,000|0,00|||0,000|0,00|0,01|5
03100|02|5159,10
03110|||5159,10|0|0|5|0|0|0|0|0|3,610|186,24|0,860|44,36|0,000|0,00|0,000|0,00|2,750|141,88|||0,000|0,00|||0,000|0,00|0,01|5
04000|1001|0,00|1012|0,00|1023|0,00||
04000|1002|0,00|1013|0,00|1025|0,00||
04000|1004|148,54|1014|10,29|1026|1,48||
04000|1005|0,00|1015|0,00|1027|0,00||
04000|1006|475,04|1017|32,93|1028|4,76||
04000|1008|0,00|1019|0,00|1030|0,00||
04000|1007|225,33|1018|15,61|1029|2,25|TO|
99999|52
00000|00228197201202001|01071208104219546|00068220278126397552|20120321172352|Versao: 1.0.3.0|00228197000110|BRITO & FERREIRA LTDA|9665|S|19830414|201202|17736,89|0,000|1,00|A|0||17736,89|0,00
01000|01071208104225767|912,27|30,10|0,00|942,37|20120320|20120330|942,37
01500|201101|14200,65
01501|201101|14200,65
01502|201101|0,00
01500|201102|18241,80
01501|201102|18241,80
01502|201102|0,00
01500|201103|24545,80
01501|201103|24545,80
01502|201103|0,00
01500|201104|21021,97
01501|201104|21021,97
01502|201104|0,00
01500|201105|21440,40
01501|201105|21440,40
01502|201105|0,00
01500|201106|16770,50
01501|201106|16770,50
01502|201106|0,00
01500|201107|15635,62
01501|201107|15635,62
01502|201107|0,00
01500|201108|37850,35
01501|201108|37850,35
01502|201108|0,00
01500|201109|11944,06
01501|201109|11944,06
01502|201109|0,00
01500|201110|24472,80
01501|201110|24472,80
01502|201110|0,00
01500|201111|20277,00
01501|201111|20277,00
01502|201111|0,00
01500|201112|26443,20
01501|201112|26443,20
01502|201112|0,00
01500|201201|17273,80
01501|201201|17273,80
01502|201201|0,00
02000|255917,30|252844,15|35010,69|255917,30|252844,15|||252844,15|252844,15|0,00|0,00
03000|00228197000110|TO|9665|17736,89|1,00|1800000,00|0||
03100|01|14622,19
03110|||14622,19|0|0|0|0|0|0|0|0|5,470|799,83|0,860|125,75|0,000|0,00|1,860|271,97|2,750|402,11|||0,000|0,00|||0,000|0,00|0,00|5
03100|02|3114,70
03110|||3114,70|0|0|5|0|0|0|0|0|3,610|112,44|0,860|26,78|0,000|0,00|0,000|0,00|2,750|85,66|||0,000|0,00|||0,000|0,00|0,01|5
04000|1001|0,00|1012|0,00||||
04000|1002|0,00|1013|0,00||||
04000|1004|152,53|1014|5,03||||
04000|1005|0,00|1015|0,00||||
04000|1006|487,77|1017|16,10||||
04000|1008|0,00|1019|0,00||||
04000|1007|271,97|1018|8,97|||TO|
99999|55
ZZZZZ|213